% American Institute of Steel Construction, 2017.  All values are inches raised to the appropriate power.
% Shape, D, B, t
L12X12X1-3/8	12.0	12.0	1.38
L12X12X1-1/4	12.0	12.0	1.25
L12X12X1-1/8	12.0	12.0	1.13
L12X12X1	12.0	12.0	1.00
L10X10X1-3/8	10.0	10.0	1.38
L10X10X1-1/4	10.0	10.0	1.25
L10X10X1-1/8	10.0	10.0	1.13
L10X10X1	10.0	10.0	1.00
L10X10X7/8	10.0	10.0	0.875
L10X10X3/4	10.0	10.0	0.750
L8X8X1-1/8	8.00	8.00	1.13
L8X8X1	8.00	8.00	1.00
L8X8X7/8	8.00	8.00	0.875
L8X8X3/4	8.00	8.00	0.750
L8X8X5/8	8.00	8.00	0.625
L8X8X9/16	8.00	8.00	0.563
L8X8X1/2	8.00	8.00	0.500
L8X6X1	6.00	8.00	1.00
L8X6X7/8	6.00	8.00	0.875
L8X6X3/4	6.00	8.00	0.750
L8X6X5/8	6.00	8.00	0.625
L8X6X9/16	6.00	8.00	0.563
L8X6X1/2	6.00	8.00	0.500
L8X6X7/16	6.00	8.00	0.438
L8X4X1	4.00	8.00	1.00
L8X4X7/8	4.00	8.00	0.875
L8X4X3/4	4.00	8.00	0.750
L8X4X5/8	4.00	8.00	0.625
L8X4X9/16	4.00	8.00	0.563
L8X4X1/2	4.00	8.00	0.500
L8X4X7/16	4.00	8.00	0.438
L7X4X3/4	4.00	7.00	0.750
L7X4X5/8	4.00	7.00	0.625
L7X4X1/2	4.00	7.00	0.500
L7X4X7/16	4.00	7.00	0.438
L7X4X3/8	4.00	7.00	0.375
L6X6X1	6.00	6.00	1.00
L6X6X7/8	6.00	6.00	0.875
L6X6X3/4	6.00	6.00	0.750
L6X6X5/8	6.00	6.00	0.625
L6X6X9/16	6.00	6.00	0.563
L6X6X1/2	6.00	6.00	0.500
L6X6X7/16	6.00	6.00	0.438
L6X6X3/8	6.00	6.00	0.375
L6X6X5/16	6.00	6.00	0.313
L6X4X7/8	4.00	6.00	0.875
L6X4X3/4	4.00	6.00	0.750
L6X4X5/8	4.00	6.00	0.625
L6X4X9/16	4.00	6.00	0.563
L6X4X1/2	4.00	6.00	0.500
L6X4X7/16	4.00	6.00	0.438
L6X4X3/8	4.00	6.00	0.375
L6X4X5/16	4.00	6.00	0.313
L6X3-1/2X1/2	3.50	6.00	0.500
L6X3-1/2X3/8	3.50	6.00	0.375
L6X3-1/2X5/16	3.50	6.00	0.313
L5X5X7/8	5.00	5.00	0.875
L5X5X3/4	5.00	5.00	0.750
L5X5X5/8	5.00	5.00	0.625
L5X5X1/2	5.00	5.00	0.500
L5X5X7/16	5.00	5.00	0.438
L5X5X3/8	5.00	5.00	0.375
L5X5X5/16	5.00	5.00	0.313
L5X3-1/2X3/4	3.50	5.00	0.750
L5X3-1/2X5/8	3.50	5.00	0.625
L5X3-1/2X1/2	3.50	5.00	0.500
L5X3-1/2X3/8	3.50	5.00	0.375
L5X3-1/2X5/16	3.50	5.00	0.313
L5X3-1/2X1/4	3.50	5.00	0.250
L5X3X1/2	3.00	5.00	0.500
L5X3X7/16	3.00	5.00	0.438
L5X3X3/8	3.00	5.00	0.375
L5X3X5/16	3.00	5.00	0.313
L5X3X1/4	3.00	5.00	0.250
L4X4X3/4	4.00	4.00	0.750
L4X4X5/8	4.00	4.00	0.625
L4X4X1/2	4.00	4.00	0.500
L4X4X7/16	4.00	4.00	0.438
L4X4X3/8	4.00	4.00	0.375
L4X4X5/16	4.00	4.00	0.313
L4X4X1/4	4.00	4.00	0.250
L4X3-1/2X1/2	3.50	4.00	0.500
L4X3-1/2X3/8	3.50	4.00	0.375
L4X3-1/2X5/16	3.50	4.00	0.313
L4X3-1/2X1/4	3.50	4.00	0.250
L4X3X5/8	3.00	4.00	0.625
L4X3X1/2	3.00	4.00	0.500
L4X3X3/8	3.00	4.00	0.375
L4X3X5/16	3.00	4.00	0.313
L4X3X1/4	3.00	4.00	0.250
L3-1/2X3-1/2X1/2	3.50	3.50	0.500
L3-1/2X3-1/2X7/16	3.50	3.50	0.438
L3-1/2X3-1/2X3/8	3.50	3.50	0.375
L3-1/2X3-1/2X5/16	3.50	3.50	0.313
L3-1/2X3-1/2X1/4	3.50	3.50	0.250
L3-1/2X3X1/2	3.00	3.50	0.500
L3-1/2X3X7/16	3.00	3.50	0.438
L3-1/2X3X3/8	3.00	3.50	0.375
L3-1/2X3X5/16	3.00	3.50	0.313
L3-1/2X3X1/4	3.00	3.50	0.250
L3-1/2X2-1/2X1/2	2.50	3.50	0.500
L3-1/2X2-1/2X3/8	2.50	3.50	0.375
L3-1/2X2-1/2X5/16	2.50	3.50	0.313
L3-1/2X2-1/2X1/4	2.50	3.50	0.250
L3X3X1/2	3.00	3.00	0.500
L3X3X7/16	3.00	3.00	0.438
L3X3X3/8	3.00	3.00	0.375
L3X3X5/16	3.00	3.00	0.313
L3X3X1/4	3.00	3.00	0.250
L3X3X3/16	3.00	3.00	0.188
L3X2-1/2X1/2	2.50	3.00	0.500
L3X2-1/2X7/16	2.50	3.00	0.438
L3X2-1/2X3/8	2.50	3.00	0.375
L3X2-1/2X5/16	2.50	3.00	0.313
L3X2-1/2X1/4	2.50	3.00	0.250
L3X2-1/2X3/16	2.50	3.00	0.188
L3X2X1/2	2.00	3.00	0.500
L3X2X3/8	2.00	3.00	0.375
L3X2X5/16	2.00	3.00	0.313
L3X2X1/4	2.00	3.00	0.250
L3X2X3/16	2.00	3.00	0.188
L2-1/2X2-1/2X1/2	2.50	2.50	0.500
L2-1/2X2-1/2X3/8	2.50	2.50	0.375
L2-1/2X2-1/2X5/16	2.50	2.50	0.313
L2-1/2X2-1/2X1/4	2.50	2.50	0.250
L2-1/2X2-1/2X3/16	2.50	2.50	0.188
L2-1/2X2X3/8	2.00	2.50	0.375
L2-1/2X2X5/16	2.00	2.50	0.313
L2-1/2X2X1/4	2.00	2.50	0.250
L2-1/2X2X3/16	2.00	2.50	0.188
L2-1/2X1-1/2X1/4	1.50	2.50	0.250
L2-1/2X1-1/2X3/16	1.50	2.50	0.188
L2X2X3/8	2.00	2.00	0.375
L2X2X5/16	2.00	2.00	0.313
L2X2X1/4	2.00	2.00	0.250
L2X2X3/16	2.00	2.00	0.188
L2X2X1/8	2.00	2.00	0.125

