% American Institute of Steel Construction, 2017.  All values are inches raised to the appropriate power.
% Shape, D, B, tw, tf
WT550X249.5	559	404	26.2	45.0
WT550X216.5	554	401	22.0	40.1
WT550X195	551	401	19.9	36.1
WT550X171.5	546	401	18.0	31.0
WT500X488	554	429	50.0	89.9
WT500X441.5	546	424	45.5	82.0
WT500X374	533	417	39.1	70.1
WT500X321	523	411	34.0	59.9
WT500X295.5	521	409	31.0	55.9
WT500X277	516	409	29.5	52.1
WT500X269.5	516	406	28.4	51.1
WT500X241.5	511	404	25.4	46.0
WT500X221.5	505	401	23.6	41.9
WT500X206	503	401	21.1	40.1
WT500X185.5	500	401	19.1	36.1
WT500X160.5	495	401	16.5	31.0
WT500X148	490	401	16.5	27.2
WT500X292	528	315	36.1	64.0
WT500X247	518	310	31.0	54.1
WT500X243	518	307	30.0	54.1
WT500X219	513	305	26.9	49.0
WT500X207.5	511	305	26.2	46.0
WT500X196.5	508	302	24.4	43.9
WT500X175	503	302	21.1	40.1
WT500X157	500	300	19.1	36.1
WT500X136	495	300	16.5	30.5
WT500X124.5	490	300	16.5	26.2
WT500X111	485	300	16.0	21.1
WT460X688.5	549	472	76.7	115
WT460X634.5	549	462	64.0	115
WT460X597	541	457	60.5	109
WT460X538.5	531	452	55.1	99.1
WT460X485	521	447	50.0	89.9
WT460X393.5	505	437	40.9	73.9
WT460X362.5	500	434	38.1	68.1
WT460X328	493	432	34.5	62.0
WT460X294	488	427	31.0	55.9
WT460X268.5	483	424	28.4	51.1
WT460X245.5	478	422	25.9	47.0
WT460X224.5	475	424	24.0	42.7
WT460X210	472	422	22.5	39.9
WT460X195	467	422	21.3	36.6
WT460X184	465	419	20.3	34.3
WT460X171.9	464	419	19.3	32.0
WT460X190.5	475	310	24.4	43.9
WT460X172.5	472	307	22.1	39.9
WT460X156.5	465	310	21.1	34.5
WT460X144.5	462	307	19.4	32.0
WT460X135.5	462	307	18.4	30.0
WT460X126.5	460	305	17.3	27.9
WT460X119	457	305	16.5	25.9
WT460X111.5	455	305	15.9	23.9
WT460X100.5	452	305	15.2	20.1
WT420X288	457	411	32.0	57.9
WT420X263.5	452	409	29.5	53.1
WT420X236.5	447	406	26.4	48.0
WT420X216.5	442	404	24.4	43.9
WT420X196	439	401	22.1	39.9
WT420X179.5	434	404	21.1	35.6
WT420X164.5	432	401	19.7	32.5
WT420X149.5	427	399	18.2	29.2
WT420X125.5	429	292	17.0	31.0
WT420X113	424	295	16.1	26.9
WT420X105	424	292	15.4	24.4
WT420X96.5	419	292	14.7	21.7
WT420X88	417	292	14.0	18.8
WT380X291	422	396	34.5	62.0
WT380X265.5	417	394	31.5	56.9
WT380X242	411	391	29.0	52.1
WT380X217	406	389	25.9	47.0
WT380X194.5	401	386	23.6	41.9
WT380X175	399	384	21.1	38.1
WT380X157	394	384	19.7	33.5
WT380X142	389	381	18.0	30.2
WT380X128.5	386	381	16.6	27.2
WT380X110	389	267	16.5	30.0
WT380X98	386	267	15.6	25.4
WT380X92.5	384	267	14.9	23.6
WT380X86.5	381	267	14.4	21.6
WT380X80.5	378	267	13.8	19.3
WT380X73.5	376	267	13.2	17.0
WT380X67	376	264	11.9	15.5
WT345X401	414	389	50.0	89.9
WT345X274	386	373	35.1	63.0
WT345X250	381	371	32.0	57.9
WT345X228.5	376	366	29.5	53.1
WT345X209.5	371	366	26.9	49.0
WT345X192	368	363	24.9	45.0
WT345X175	363	361	23.1	40.9
WT345X161.5	361	358	21.1	38.1
WT345X144.5	358	356	19.1	34.0
WT345X132.5	353	358	18.4	30.2
WT345X120	351	356	16.8	27.4
WT345X108.5	348	356	15.4	24.8
WT345X96	351	254	15.5	27.9
WT345X85	345	257	14.5	23.6
WT345X76	343	254	13.1	21.1
WT345X70	343	254	12.4	18.9
WT345X62.5	340	254	11.7	16.3
WT305X275.5	356	348	38.6	69.1
WT305X249	351	343	35.1	63.0
WT305X227.5	345	340	32.0	57.9
WT305X207.5	340	338	29.5	53.1
WT305X186	335	335	26.4	48.0
WT305X170.5	330	333	24.4	43.9
WT305X153.5	328	330	22.1	39.9
WT305X142.5	323	330	20.6	37.1
WT305X131	320	328	19.1	34.0
WT305X120.5	318	330	17.9	31.0
WT305X108.5	315	328	16.5	27.7
WT305X97.5	310	328	15.4	24.4
WT305X87	307	325	14.0	21.6
WT305X77.5	305	325	12.7	19.1
WT305X76.5	312	229	14.0	24.9
WT305X70	310	230	13.1	22.2
WT305X62.5	307	229	11.9	19.6
WT305X56.5	305	228	11.2	17.3
WT305X50.5	302	228	10.5	14.9
WT305X46	302	179	10.9	15.0
WT305X41	300	178	10.0	12.8
WT265X204.5	307	328	31.0	55.6
WT265X184.5	302	325	27.9	50.5
WT265X166	297	323	25.4	45.5
WT265X150	292	320	23.1	41.4
WT265X136	290	318	21.1	37.6
WT265X124	284	315	19.1	34.5
WT265X109.5	279	318	18.3	29.2
WT265X98	277	315	16.5	26.4
WT265X91	274	315	15.2	24.4
WT265X82.5	274	312	14.0	22.2
WT265X75	272	312	12.7	20.3
WT265X69	274	214	14.7	23.6
WT265X61.5	272	212	13.1	21.2
WT265X54.5	269	211	11.6	18.8
WT265X50.5	269	210	10.9	17.4
WT265X46	267	209	10.2	15.6
WT265X41	264	209	9.53	13.3
WT265X36	262	207	8.89	10.9
WT265X42.5	267	167	10.3	16.5
WT265X37	264	166	9.65	13.6
WT265X33	262	165	8.89	11.4
WT230X232	284	305	38.6	69.6
WT230X210.5	277	302	35.6	63.5
WT230X192	272	300	32.5	58.4
WT230X174.5	267	297	29.5	53.6
WT230X157.5	262	295	26.9	48.5
WT230X143	259	292	24.4	44.5
WT230X130	254	290	22.6	40.4
WT230X117.5	250	287	20.6	36.6
WT230X106.5	248	284	18.5	33.5
WT230X96.5	245	284	17.0	30.5
WT230X88.5	241	287	16.6	26.9
WT230X79	238	284	15.0	23.9
WT230X72	236	282	13.6	22.1
WT230X64	234	282	12.2	19.6
WT230X56.5	231	279	10.8	17.3
WT230X53	235	194	12.6	20.6
WT230X48.5	233	193	11.4	19.1
WT230X44.5	232	192	10.5	17.7
WT230X41	230	191	9.91	16.0
WT230X37	229	191	9.02	14.5
WT230X34	229	154	9.14	15.4
WT230X30	227	153	8.00	13.3
WT230X26	225	152	7.62	10.8
WT205X74.5	216	264	14.9	25.0
WT205X66	213	264	13.3	22.2
WT205X57	210	262	11.6	19.3
WT205X50	208	259	10.0	16.9
WT205X42.5	209	181	10.9	18.2
WT205X37.5	207	180	9.65	16.0
WT205X33.5	205	179	8.76	14.4
WT205X30	203	178	7.75	12.8
WT205X26.5	201	178	7.49	10.9
WT205X23.05	202	140	6.99	11.2
WT205X19.4	199	140	6.35	8.76
WT180X694.5	300	478	100	140
WT180X601	290	472	95.0	130
WT180X543	284	455	78.0	125
WT180X495	274	450	71.9	115
WT180X450	267	442	66.0	106
WT180X409	257	437	60.5	97.0
WT180X372	249	432	55.6	88.9
WT180X338.5	242	427	51.3	81.5
WT180X317	237	424	47.8	77.2
WT180X296	232	422	45.0	72.4
WT180X275.5	228	419	42.2	67.6
WT180X254.5	223	417	39.1	62.7
WT180X231.5	217	411	35.8	57.4
WT180X210.5	213	409	32.8	52.6
WT180X191	208	406	30.0	48.0
WT180X173.5	204	404	27.2	43.7
WT180X157	200	401	24.9	39.6
WT180X143.5	197	399	22.6	36.6
WT180X131	193	399	21.1	33.3
WT180X118.5	190	396	18.9	30.2
WT180X108	188	394	17.3	27.7
WT180X98	186	373	16.4	26.2
WT180X89.5	184	373	15.0	23.9
WT180X81	182	371	13.3	21.8
WT180X73.5	180	371	12.3	19.8
WT180X67	178	368	11.2	18.0
WT180X61	182	257	13.0	21.7
WT180X55	180	257	11.4	19.9
WT180X50.5	178	254	10.5	18.3
WT180X45.5	177	254	9.53	16.4
WT180X39.5	177	205	9.40	16.8
WT180X36	175	204	8.64	15.1
WT180X32	173	203	7.75	13.5
WT180X28.9	179	172	7.87	13.1
WT180X25.5	178	171	7.24	11.6
WT180X22	176	171	6.86	9.78
WT180X19.5	177	128	6.48	10.7
WT180X16.45	174	127	5.84	8.51
WT155X250	214	340	45.2	75.2
WT155X227	207	335	41.4	68.8
WT155X207.5	201	333	38.9	62.7
WT155X187.5	196	330	35.6	57.2
WT155X171	191	328	32.8	52.6
WT155X156.5	187	325	30.0	48.3
WT155X141.5	183	323	26.9	44.2
WT155X126.5	178	320	24.4	39.6
WT155X113	174	318	22.1	35.6
WT155X101	170	315	20.1	31.8
WT155X89.5	167	312	18.0	28.2
WT155X79	164	310	15.5	25.1
WT155X71.5	162	310	14.0	22.9
WT155X64.5	159	307	13.1	20.6
WT155X58.5	157	307	11.9	18.7
WT155X53.5	156	305	10.9	17.0
WT155X48.5	154	305	9.91	15.4
WT155X43	155	254	9.14	16.3
WT155X39.5	153	254	8.76	14.6
WT155X37	155	205	9.40	16.3
WT155X33.5	153	204	8.51	14.6
WT155X30	152	203	7.49	13.1
WT155X26	159	167	7.62	13.2
WT155X22.25	157	166	6.60	11.2
WT155X19.35	155	165	5.84	9.65
WT155X16.35	156	102	6.60	10.8
WT155X14.15	154	102	5.97	8.89
WT155X11.9	152	101	5.59	6.73
WT155X10.5	151	101	5.08	5.72
WT125X83.5	144	264	19.2	31.8
WT125X74.5	141	262	17.3	28.4
WT125X65.5	138	262	15.4	25.1
WT125X57.5	135	259	13.5	22.1
WT125X50.5	132	257	11.9	19.6
WT125X44.5	130	257	10.7	17.3
WT125X40	128	254	9.40	15.6
WT125X36.5	127	254	8.64	14.2
WT125X33.5	128	204	8.89	15.7
WT125X29	126	203	8.00	13.5
WT125X24.55	124	202	7.37	11.0
WT125X22.4	133	148	7.62	13.0
WT125X19.25	131	147	6.60	11.2
WT125X16.35	129	146	6.10	9.14
WT125X14.2	130	102	6.35	10.0
WT125X12.65	129	102	6.10	8.38
WT125X11.15	127	102	5.84	6.86
WT125X8.95	125	101	4.83	5.33
WT100X50	114	210	14.5	23.7
WT100X43	111	209	13.0	20.6
WT100X35.5	108	206	10.2	17.4
WT100X29.5	105	205	9.14	14.2
WT100X26	103	204	7.87	12.6
WT100X23.05	102	203	7.24	11.0
WT100X20.85	102	166	7.24	11.8
WT100X17.95	101	165	6.22	10.2
WT100X15.65	105	134	6.35	10.2
WT100X13.3	103	133	5.84	8.38
WT100X11.25	103	102	6.22	8.00
WT100X9.65	102	102	5.84	6.48
WT100X7.5	100	100	4.32	5.21
WT75X18.55	81.0	154	8.13	11.6
WT75X14.9	78.7	153	6.60	9.27
WT75X11.25	76.2	152	5.84	6.60
WT75X12	79.8	102	6.60	10.3
WT75X9	76.7	102	5.84	7.11
WT75X6.75	74.9	100	4.32	5.46
WT75X6.5	74.2	100	4.32	4.95
WT65X14.05	65.5	128	6.86	10.9
WT65X11.9	63.8	127	6.10	9.14
WT50X9.65	52.8	103	7.11	8.76
MT159X9.25	159	95.3	3.94	5.79
MT159X8.65	159	88.9	3.94	5.36
MT155X8.8	152	78.0	4.50	5.72
MT155X8.05	152	78.0	4.06	5.33
MT155X7.45	152	82.6	3.78	4.57
MT125X6.7	127	68.3	3.99	5.23
MT125X5.95	126	68.3	3.58	4.62
MT125X5.6	127	68.3	3.30	4.39
MT100X4.85	102	57.9	3.43	4.80
MT100X4.6	102	57.9	3.28	4.50
MT75X3.3	76.2	46.7	2.90	4.34
MT75X2.75	75.2	50.8	2.49	3.28
MT65X14.05	63.5	127	8.03	10.6
MT50X4.45	48.3	96.5	3.30	4.06

